native_country: 857 '?' -> 'Unknown'
occupation: 10 Never-worked rows set to 'None (never worked)' (structural)

=== workclass: 2799 missing, 46043 observed, 8 classes ===
[workclass] fit subsample: 8020 rows (stratified, floor 15/class)
[workclass] az.summary: 49 params, max R-hat = 1.0000, min ESS_bulk = 1094
[workclass] imputed modal prob: mean 0.756, min 0.247; entropy mean 0.856 nats (max possible 2.079)

[workclass] imputed vs observed marginal (mode baseline would put 100% on 'Private'):
                  observed_%  imputed_%
workclass                              
Federal-gov             3.11       0.00
Local-gov               6.81       0.00
Never-worked            0.02       0.00
Private                73.64      99.79
Self-emp-inc            3.68       0.18
Self-emp-not-inc        8.39       0.04
State-gov               4.30       0.00
Without-pay             0.05       0.00

=== occupation: 2799 missing, 46033 observed, 14 classes ===
[occupation] fit subsample: 8013 rows (stratified, floor 15/class)
[occupation] az.summary: 182 params, max R-hat = 1.0100, min ESS_bulk = 777
[occupation] imputed modal prob: mean 0.297, min 0.159; entropy mean 1.967 nats (max possible 2.639)

[occupation] imputed vs observed marginal (mode baseline would put 100% on 'Prof-specialty'):
                   observed_%  imputed_%
occupation                              
Adm-clerical            12.19      24.83
Armed-Forces             0.03       0.00
Craft-repair            13.28      32.90
Exec-managerial         13.22       3.47
Farming-fishing          3.24       0.00
Handlers-cleaners        4.50       2.68
Machine-op-inspct        6.56       0.54
Other-service           10.69      22.29
Priv-house-serv          0.53       0.18
Prof-specialty          13.41      11.11
Protective-serv          2.14       0.00
Sales                   11.96       1.18
Tech-support             3.14       0.00
Transport-moving         5.12       0.82

[ok] zero '?' remaining; 48842 rows
[ok] wrote E:\uob\va-resit\data\adult_imputed.csv

sampler: nutpie NUTS, draws=1000, tune=500, chains=4, seed=42

az.summary — workclass model:
          mean     sd  hdi_3%  hdi_97%  mcse_mean  mcse_sd  ess_bulk  ess_tail  r_hat
B[0, 0]  0.926  0.183   0.584    1.270      0.005    0.003    1288.0    1923.0    1.0
B[0, 1] -6.351  1.155  -8.441   -4.181      0.021    0.018    3146.0    2867.0    1.0
B[0, 2]  3.362  0.156   3.046    3.644      0.005    0.003    1094.0    1916.0    1.0
B[0, 3] -1.004  0.270  -1.524   -0.504      0.006    0.004    1849.0    2346.0    1.0
B[0, 4]  0.256  0.198  -0.136    0.603      0.005    0.003    1445.0    2340.0    1.0
B[0, 5]  0.402  0.199   0.043    0.795      0.005    0.003    1444.0    2346.0    1.0
B[0, 6] -2.475  0.589  -3.579   -1.412      0.010    0.010    3268.0    2630.0    1.0
B[1, 0] -0.077  0.085  -0.223    0.096      0.002    0.001    2540.0    2912.0    1.0
B[1, 1] -3.049  0.826  -4.663   -1.592      0.015    0.013    3236.0    2687.0    1.0
B[1, 2] -0.434  0.074  -0.568   -0.288      0.002    0.001    2333.0    2483.0    1.0
B[1, 3]  0.288  0.098   0.102    0.472      0.002    0.001    3016.0    2927.0    1.0
B[1, 4]  0.146  0.084  -0.011    0.307      0.002    0.001    2438.0    2933.0    1.0
B[1, 5] -0.302  0.100  -0.488   -0.117      0.002    0.001    2827.0    3101.0    1.0
B[1, 6]  0.230  0.254  -0.244    0.715      0.004    0.004    4303.0    3301.0    1.0
B[2, 0] -0.018  0.085  -0.178    0.136      0.001    0.001    3233.0    2872.0    1.0
B[2, 1] -1.202  0.357  -1.863   -0.538      0.005    0.006    5169.0    2762.0    1.0
B[2, 2] -0.508  0.072  -0.646   -0.378      0.001    0.001    2759.0    2456.0    1.0
B[2, 3] -0.066  0.092  -0.241    0.105      0.002    0.001    3239.0    3248.0    1.0
B[2, 4] -0.395  0.080  -0.547   -0.243      0.001    0.001    2999.0    2598.0    1.0
B[2, 5]  0.209  0.093   0.038    0.384      0.002    0.001    3002.0    2918.0    1.0
B[2, 6] -0.694  0.240  -1.159   -0.251      0.003    0.004    5389.0    2943.0    1.0
B[3, 0] -0.023  0.083  -0.176    0.132      0.002    0.001    2935.0    3066.0    1.0
B[3, 1] -0.412  0.354  -1.065    0.269      0.005    0.005    5202.0    3410.0    1.0
B[3, 2] -0.034  0.070  -0.168    0.094      0.001    0.001    2546.0    2922.0    1.0
B[3, 3]  0.544  0.087   0.369    0.701      0.002    0.001    2750.0    3171.0    1.0
B[3, 4]  0.185  0.079   0.034    0.328      0.002    0.001    2740.0    2977.0    1.0
B[3, 5] -0.134  0.091  -0.304    0.034      0.002    0.001    3323.0    3625.0    1.0
B[3, 6] -0.306  0.263  -0.816    0.171      0.004    0.004    4472.0    3354.0    1.0
B[4, 0] -0.474  0.190  -0.835   -0.122      0.005    0.003    1640.0    2528.0    1.0
B[4, 1]  0.262  0.682  -0.991    1.539      0.010    0.011    4610.0    3299.0    1.0
B[4, 2] -0.165  0.163  -0.467    0.139      0.004    0.003    1389.0    2084.0    1.0
B[4, 3]  0.574  0.252   0.076    1.019      0.006    0.004    2079.0    2681.0    1.0
B[4, 4]  0.441  0.194   0.101    0.819      0.005    0.003    1628.0    2221.0    1.0
B[4, 5] -0.298  0.200  -0.682    0.077      0.005    0.003    1826.0    2557.0    1.0
B[4, 6] -1.048  0.620  -2.190    0.089      0.009    0.009    4629.0    3251.0    1.0
B[5, 0]  0.233  0.207  -0.163    0.618      0.005    0.003    1803.0    2518.0    1.0
B[5, 1] -0.418  1.140  -2.624    1.608      0.018    0.019    4176.0    3192.0    1.0
B[5, 2] -0.012  0.173  -0.327    0.327      0.004    0.003    1519.0    1923.0    1.0
B[5, 3]  0.506  0.259   0.018    0.983      0.006    0.004    2002.0    2459.0    1.0
B[5, 4]  0.555  0.206   0.182    0.943      0.005    0.003    1762.0    2242.0    1.0
B[5, 5]  0.039  0.223  -0.375    0.452      0.005    0.003    1893.0    2511.0    1.0
B[5, 6]  0.514  0.685  -0.739    1.797      0.010    0.011    4393.0    2969.0    1.0
B[6, 0]  0.401  0.236  -0.041    0.837      0.006    0.004    1672.0    2348.0    1.0
B[6, 1]  1.387  0.958  -0.368    3.184      0.016    0.014    3486.0    2849.0    1.0
B[6, 2]  0.212  0.200  -0.157    0.588      0.005    0.003    1569.0    2319.0    1.0
B[6, 3]  0.465  0.307  -0.099    1.050      0.007    0.005    2037.0    2731.0    1.0
B[6, 4]  0.313  0.244  -0.160    0.758      0.006    0.004    1787.0    2667.0    1.0
B[6, 5]  0.280  0.257  -0.181    0.767      0.006    0.004    2099.0    2504.0    1.0
B[6, 6] -1.697  1.096  -3.717    0.285      0.018    0.017    3619.0    3099.0    1.0

az.summary — occupation model:
            mean     sd  hdi_3%  hdi_97%  mcse_mean  mcse_sd  ess_bulk  ess_tail  r_hat
B[0, 0]   -8.534  1.098 -10.478   -6.405      0.030    0.019    1340.0    1733.0   1.00
B[0, 1]   -3.062  0.176  -3.401   -2.746      0.006    0.003     806.0    1496.0   1.00
B[0, 2]   -1.030  0.108  -1.224   -0.826      0.003    0.002    1021.0    1880.0   1.00
B[0, 3]   -4.248  0.287  -4.782   -3.726      0.008    0.005    1316.0    2124.0   1.00
B[0, 4]   -3.037  0.197  -3.408   -2.668      0.005    0.003    1346.0    1810.0   1.00
B[0, 5]   -1.823  0.142  -2.098   -1.567      0.004    0.002    1151.0    1837.0   1.00
B[0, 6]   -0.570  0.106  -0.772   -0.378      0.003    0.002    1176.0    2227.0   1.00
B[0, 7]   -3.516  0.378  -4.198   -2.810      0.009    0.006    1863.0    2056.0   1.00
B[0, 8]   -1.500  0.119  -1.735   -1.291      0.003    0.002    1300.0    2055.0   1.00
B[0, 9]   -4.786  0.319  -5.391   -4.175      0.009    0.006    1227.0    1889.0   1.00
B[0, 10]  -0.573  0.104  -0.763   -0.376      0.003    0.002     999.0    1665.0   1.00
B[0, 11]  -1.784  0.159  -2.078   -1.485      0.004    0.002    1356.0    2040.0   1.00
B[0, 12]  -4.045  0.272  -4.548   -3.519      0.010    0.007     777.0    1111.0   1.00
B[1, 0]   -1.251  0.475  -2.159   -0.382      0.009    0.006    3081.0    3278.0   1.00
B[1, 1]   -0.123  0.061  -0.242   -0.017      0.002    0.001    1292.0    2333.0   1.00
B[1, 2]    0.199  0.059   0.095    0.309      0.002    0.001    1380.0    2851.0   1.00
B[1, 3]   -0.073  0.091  -0.243    0.091      0.002    0.001    1921.0    2746.0   1.00
B[1, 4]   -0.338  0.087  -0.508   -0.179      0.002    0.001    1937.0    2747.0   1.00
B[1, 5]   -0.123  0.070  -0.255    0.004      0.002    0.001    1629.0    2677.0   1.00
B[1, 6]   -0.134  0.060  -0.249   -0.025      0.001    0.001    1607.0    2589.0   1.00
B[1, 7]    0.368  0.159   0.069    0.654      0.003    0.002    2712.0    2670.0   1.00
B[1, 8]    0.147  0.064   0.032    0.271      0.002    0.001    1627.0    2645.0   1.00
B[1, 9]   -0.175  0.119  -0.408    0.039      0.003    0.002    2044.0    2713.0   1.00
B[1, 10]  -0.087  0.060  -0.208    0.019      0.002    0.001    1330.0    2231.0   1.00
B[1, 11]  -0.097  0.096  -0.278    0.080      0.002    0.001    2038.0    2184.0   1.00
B[1, 12]   0.074  0.077  -0.065    0.222      0.002    0.001    1779.0    2646.0   1.00
B[2, 0]    0.234  0.380  -0.476    0.957      0.005    0.007    5879.0    2600.0   1.00
B[2, 1]   -0.711  0.063  -0.827   -0.592      0.002    0.001    1097.0    2327.0   1.00
B[2, 2]    0.717  0.062   0.602    0.833      0.002    0.001    1492.0    2442.0   1.00
B[2, 3]   -1.167  0.089  -1.343   -1.013      0.002    0.001    1735.0    2926.0   1.00
B[2, 4]   -0.957  0.081  -1.108   -0.803      0.002    0.001    1706.0    2682.0   1.00
B[2, 5]   -0.992  0.071  -1.131   -0.864      0.002    0.001    1153.0    2532.0   1.00
B[2, 6]   -0.771  0.065  -0.892   -0.654      0.002    0.001    1356.0    2475.0   1.00
B[2, 7]   -0.951  0.173  -1.283   -0.630      0.003    0.002    3754.0    3276.0   1.00
B[2, 8]    1.757  0.070   1.630    1.893      0.002    0.001    1774.0    2782.0   1.00
B[2, 9]   -0.290  0.119  -0.502   -0.056      0.002    0.002    2958.0    2686.0   1.00
B[2, 10]   0.121  0.063   0.002    0.238      0.002    0.001    1382.0    2278.0   1.00
B[2, 11]   0.529  0.093   0.367    0.713      0.002    0.001    2590.0    2465.0   1.00
B[2, 12]  -0.894  0.078  -1.039   -0.743      0.002    0.001    1436.0    2403.0   1.00
B[3, 0]    0.476  0.354  -0.169    1.147      0.005    0.005    4768.0    3075.0   1.00
B[3, 1]    0.150  0.059   0.036    0.260      0.001    0.001    1970.0    2452.0   1.00
B[3, 2]    0.378  0.056   0.273    0.481      0.001    0.001    2033.0    2670.0   1.00
B[3, 3]    0.415  0.079   0.276    0.570      0.002    0.001    2645.0    2699.0   1.00
B[3, 4]   -0.098  0.082  -0.250    0.056      0.002    0.001    2831.0    2613.0   1.00
B[3, 5]    0.228  0.070   0.101    0.364      0.001    0.001    2417.0    3027.0   1.00
B[3, 6]   -0.238  0.058  -0.339   -0.127      0.001    0.001    2330.0    2792.0   1.00
B[3, 7]   -0.538  0.168  -0.848   -0.223      0.003    0.003    3595.0    3081.0   1.00
B[3, 8]    0.081  0.059  -0.023    0.198      0.001    0.001    2295.0    2955.0   1.00
B[3, 9]    0.264  0.108   0.053    0.462      0.002    0.002    3989.0    3321.0   1.00
B[3, 10]   0.046  0.056  -0.054    0.156      0.001    0.001    2060.0    2711.0   1.00
B[3, 11]   0.200  0.088   0.031    0.365      0.001    0.001    3941.0    2930.0   1.00
B[3, 12]   0.555  0.073   0.421    0.695      0.001    0.001    2591.0    2972.0   1.00
B[4, 0]    2.404  0.875   0.734    4.013      0.021    0.016    1787.0    1690.0   1.00
B[4, 1]    3.632  0.165   3.333    3.940      0.005    0.003     907.0    1306.0   1.00
B[4, 2]    1.137  0.115   0.923    1.344      0.003    0.002    1246.0    2261.0   1.00
B[4, 3]    3.030  0.270   2.523    3.534      0.007    0.005    1459.0    2088.0   1.00
B[4, 4]    3.049  0.185   2.701    3.388      0.005    0.003    1527.0    2397.0   1.00
B[4, 5]    1.880  0.140   1.621    2.148      0.004    0.002    1176.0    1995.0   1.00
B[4, 6]    0.910  0.114   0.691    1.116      0.003    0.002    1180.0    2316.0   1.00
B[4, 7]   -1.891  0.720  -3.237   -0.571      0.011    0.013    4602.0    2880.0   1.00
B[4, 8]    0.772  0.119   0.559    1.002      0.003    0.002    1357.0    2176.0   1.01
B[4, 9]    2.494  0.265   1.983    2.984      0.007    0.004    1557.0    2280.0   1.00
B[4, 10]   1.164  0.111   0.959    1.366      0.003    0.002    1250.0    2201.0   1.00
B[4, 11]   0.705  0.160   0.405    1.002      0.004    0.002    2044.0    2643.0   1.00
B[4, 12]   3.726  0.264   3.281    4.279      0.009    0.007     850.0    1166.0   1.00
B[5, 0]   -0.124  0.620  -1.281    1.027      0.011    0.009    3345.0    3018.0   1.00
B[5, 1]    0.830  0.137   0.576    1.088      0.005    0.003     922.0    1566.0   1.00
B[5, 2]    0.504  0.131   0.262    0.751      0.004    0.002    1037.0    1996.0   1.00
B[5, 3]   -0.098  0.207  -0.467    0.293      0.006    0.003    1398.0    2325.0   1.00
B[5, 4]   -0.261  0.180  -0.602    0.074      0.005    0.003    1382.0    2397.0   1.00
B[5, 5]    0.261  0.156  -0.022    0.548      0.005    0.003    1114.0    1898.0   1.00
B[5, 6]   -0.512  0.141  -0.779   -0.243      0.004    0.002    1246.0    2495.0   1.00
B[5, 7]   -0.013  0.558  -1.063    1.042      0.011    0.009    2712.0    2668.0   1.00
B[5, 8]    0.156  0.141  -0.095    0.434      0.004    0.002    1138.0    2069.0   1.00
B[5, 9]    0.799  0.256   0.307    1.279      0.007    0.004    1423.0    2199.0   1.00
B[5, 10]   0.251  0.129  -0.001    0.487      0.004    0.002     960.0    1391.0   1.00
B[5, 11]   0.146  0.195  -0.201    0.538      0.005    0.003    1449.0    2259.0   1.00
B[5, 12]   0.505  0.174   0.199    0.856      0.005    0.003    1203.0    1794.0   1.00
B[6, 0]   -2.258  1.586  -5.382    0.467      0.025    0.030    4418.0    2918.0   1.00
B[6, 1]    0.764  0.162   0.465    1.063      0.005    0.003    1040.0    1625.0   1.00
B[6, 2]    0.154  0.144  -0.122    0.412      0.004    0.002    1075.0    2047.0   1.00
B[6, 3]   -0.154  0.253  -0.614    0.338      0.006    0.004    1723.0    2378.0   1.00
B[6, 4]    0.060  0.213  -0.350    0.454      0.005    0.003    1671.0    2846.0   1.00
B[6, 5]    0.179  0.175  -0.148    0.502      0.005    0.003    1378.0    2012.0   1.00
B[6, 6]   -0.044  0.143  -0.299    0.244      0.004    0.002    1327.0    2225.0   1.00
B[6, 7]    0.283  0.459  -0.564    1.140      0.011    0.007    1819.0    2213.0   1.00
B[6, 8]   -0.086  0.154  -0.404    0.183      0.004    0.002    1372.0    2163.0   1.00
B[6, 9]    0.510  0.326  -0.109    1.103      0.008    0.005    1765.0    2783.0   1.00
B[6, 10]  -0.044  0.145  -0.317    0.217      0.004    0.002    1237.0    1939.0   1.00
B[6, 11]   0.310  0.210  -0.099    0.679      0.005    0.003    1562.0    2450.0   1.00
B[6, 12]   0.304  0.215  -0.087    0.712      0.006    0.003    1351.0    2010.0   1.00
B[7, 0]    4.836  0.820   3.350    6.410      0.020    0.015    1800.0    1849.0   1.00
B[7, 1]   -1.994  0.289  -2.535   -1.453      0.004    0.005    4938.0    3127.0   1.00
B[7, 2]   -0.688  0.198  -1.065   -0.328      0.003    0.003    3629.0    3253.0   1.00
B[7, 3]   -1.467  0.610  -2.656   -0.402      0.009    0.013    5037.0    2301.0   1.00
B[7, 4]   -2.032  0.476  -2.877   -1.113      0.007    0.008    4713.0    2734.0   1.00
B[7, 5]   -3.314  0.686  -4.602   -2.112      0.010    0.013    5349.0    2512.0   1.00
B[7, 6]   -1.839  0.336  -2.468   -1.233      0.005    0.006    5223.0    2982.0   1.00
B[7, 7]   -2.756  1.539  -5.678   -0.110      0.024    0.027    4940.0    2481.0   1.00
B[7, 8]   -0.723  0.221  -1.138   -0.319      0.004    0.003    3936.0    3224.0   1.00
B[7, 9]    0.186  0.404  -0.559    0.949      0.006    0.006    4427.0    3214.0   1.00
B[7, 10]  -3.503  0.548  -4.574   -2.561      0.008    0.009    5407.0    2760.0   1.00
B[7, 11]  -0.516  0.293  -1.108   -0.008      0.005    0.005    4007.0    2997.0   1.00
B[7, 12]  -1.608  0.374  -2.339   -0.950      0.006    0.006    4667.0    3014.0   1.00
B[8, 0]   -0.860  2.031  -4.568    2.882      0.028    0.034    5459.0    2829.0   1.00
B[8, 1]   -0.528  0.237  -0.989   -0.097      0.005    0.003    2331.0    2996.0   1.00
B[8, 2]   -0.017  0.196  -0.373    0.350      0.004    0.003    2296.0    2693.0   1.00
B[8, 3]    0.838  0.330   0.196    1.435      0.006    0.005    2818.0    2995.0   1.00
B[8, 4]   -0.507  0.362  -1.195    0.146      0.006    0.007    3350.0    2539.0   1.00
B[8, 5]   -2.045  0.500  -3.025   -1.155      0.008    0.008    4501.0    2999.0   1.00
B[8, 6]   -0.015  0.211  -0.399    0.387      0.004    0.003    2524.0    2470.0   1.00
B[8, 7]   -2.895  1.446  -5.460   -0.304      0.022    0.025    5221.0    2408.0   1.00
B[8, 8]    1.170  0.177   0.831    1.496      0.004    0.003    2002.0    2363.0   1.00
B[8, 9]    3.191  0.243   2.754    3.659      0.006    0.004    1802.0    2369.0   1.00
B[8, 10]  -2.941  0.565  -4.061   -1.949      0.009    0.010    4528.0    2697.0   1.00
B[8, 11]  -0.493  0.354  -1.142    0.176      0.006    0.006    3606.0    2763.0   1.00
B[8, 12]   0.321  0.260  -0.150    0.827      0.005    0.004    2523.0    2841.0   1.00
B[9, 0]   -0.023  2.524  -4.819    4.535      0.032    0.045    6061.0    2534.0   1.00
B[9, 1]    0.029  2.502  -4.780    4.709      0.032    0.052    6267.0    2257.0   1.00
B[9, 2]   -0.015  2.418  -4.468    4.588      0.031    0.041    6208.0    3013.0   1.00
B[9, 3]    0.030  2.550  -4.418    5.005      0.032    0.047    6386.0    3083.0   1.00
B[9, 4]   -0.026  2.603  -4.842    5.019      0.031    0.048    7284.0    2555.0   1.00
B[9, 5]    0.016  2.483  -4.655    4.590      0.029    0.047    7264.0    2960.0   1.00
B[9, 6]   -0.006  2.510  -4.691    4.699      0.032    0.045    6042.0    2608.0   1.00
B[9, 7]    0.027  2.412  -4.497    4.569      0.030    0.042    6569.0    2860.0   1.00
B[9, 8]   -0.070  2.441  -4.858    4.327      0.031    0.041    6094.0    2939.0   1.00
B[9, 9]    0.041  2.462  -4.337    4.852      0.032    0.043    6104.0    2533.0   1.00
B[9, 10]   0.079  2.485  -4.342    4.870      0.031    0.047    6395.0    2698.0   1.00
B[9, 11]   0.052  2.473  -4.427    4.672      0.030    0.042    6922.0    2970.0   1.00
B[9, 12]   0.069  2.447  -4.519    4.683      0.032    0.050    5983.0    2737.0   1.00
B[10, 0]  -0.433  2.182  -4.355    3.619      0.027    0.033    6510.0    3445.0   1.00
B[10, 1]   0.479  0.405  -0.272    1.270      0.012    0.007    1165.0    2011.0   1.00
B[10, 2]   1.850  0.369   1.139    2.515      0.011    0.007    1053.0    1564.0   1.00
B[10, 3]   1.971  0.456   1.112    2.835      0.012    0.007    1381.0    2076.0   1.00
B[10, 4]  -0.871  0.809  -2.426    0.605      0.016    0.014    2749.0    2463.0   1.00
B[10, 5]  -2.101  0.985  -3.986   -0.380      0.018    0.018    3448.0    2210.0   1.00
B[10, 6]  -0.230  0.575  -1.322    0.835      0.013    0.009    2009.0    2153.0   1.00
B[10, 7]  -1.422  1.765  -4.858    1.559      0.025    0.031    5642.0    2991.0   1.00
B[10, 8]   1.224  0.393   0.531    1.991      0.012    0.007    1093.0    1777.0   1.00
B[10, 9]  -0.317  1.118  -2.424    1.606      0.020    0.022    3322.0    2343.0   1.00
B[10, 10]  1.796  0.369   1.107    2.481      0.011    0.007    1053.0    1498.0   1.00
B[10, 11] -0.485  0.810  -2.076    0.897      0.015    0.015    2918.0    2319.0   1.00
B[10, 12] -0.571  0.571  -1.650    0.483      0.013    0.008    1824.0    2390.0   1.00
B[11, 0]  -0.546  2.093  -4.599    3.017      0.030    0.032    5197.0    3138.0   1.00
B[11, 1]   1.310  0.271   0.814    1.836      0.009    0.005     839.0    1405.0   1.00
B[11, 2]   1.517  0.265   1.025    2.007      0.009    0.005     831.0    1588.0   1.00
B[11, 3]   3.573  0.293   3.051    4.133      0.010    0.006     913.0    1749.0   1.00
B[11, 4]  -2.004  0.919  -3.710   -0.341      0.016    0.017    3742.0    2565.0   1.00
B[11, 5]  -0.729  0.454  -1.565    0.122      0.011    0.008    1685.0    2001.0   1.00
B[11, 6]   1.283  0.285   0.728    1.798      0.009    0.005     991.0    1617.0   1.00
B[11, 7]  -2.194  1.586  -5.091    0.639      0.024    0.030    5373.0    2672.0   1.00
B[11, 8]   1.637  0.276   1.125    2.131      0.009    0.005     862.0    1445.0   1.00
B[11, 9]  -0.733  1.035  -2.644    1.138      0.018    0.022    3796.0    1976.0   1.00
B[11, 10]  1.645  0.264   1.172    2.152      0.009    0.005     812.0    1594.0   1.00
B[11, 11] -0.139  0.522  -1.209    0.739      0.011    0.008    2211.0    2339.0   1.00
B[11, 12]  0.907  0.319   0.314    1.497      0.010    0.005    1035.0    1959.0   1.00
B[12, 0]  -1.024  1.974  -4.799    2.432      0.029    0.031    4877.0    2967.0   1.00
B[12, 1]  -1.308  0.281  -1.843   -0.793      0.004    0.004    3975.0    2999.0   1.00
B[12, 2]  -0.505  0.210  -0.902   -0.113      0.004    0.003    2839.0    2583.0   1.00
B[12, 3]  -0.881  0.624  -2.076    0.220      0.010    0.012    4546.0    2576.0   1.00
B[12, 4]  -2.089  0.597  -3.202   -1.009      0.009    0.012    4866.0    2210.0   1.00
B[12, 5]  -2.480  0.588  -3.580   -1.413      0.009    0.011    5070.0    2448.0   1.00
B[12, 6]  -0.538  0.226  -0.943   -0.096      0.004    0.003    3743.0    3088.0   1.00
B[12, 7]  -2.661  1.529  -5.662   -0.132      0.025    0.026    4797.0    2321.0   1.00
B[12, 8]   0.306  0.190  -0.052    0.663      0.003    0.003    2983.0    3105.0   1.00
B[12, 9]   1.982  0.275   1.482    2.510      0.005    0.004    2814.0    2394.0   1.00
B[12, 10] -2.514  0.423  -3.305   -1.755      0.006    0.007    4479.0    2951.0   1.00
B[12, 11] -0.476  0.318  -1.065    0.100      0.005    0.005    4350.0    2833.0   1.00
B[12, 12] -1.233  0.425  -2.051   -0.457      0.007    0.007    3861.0    2458.0   1.00
B[13, 0]  -0.069  2.454  -4.668    4.414      0.030    0.044    6636.0    2464.0   1.00
B[13, 1]  -1.259  1.923  -5.137    2.012      0.026    0.030    5725.0    3082.0   1.00
B[13, 2]  -1.397  1.926  -5.342    1.846      0.028    0.038    5155.0    2478.0   1.00
B[13, 3]   3.965  1.269   1.491    6.304      0.019    0.020    4305.0    3390.0   1.00
B[13, 4]   1.556  1.484  -1.354    4.215      0.021    0.023    4822.0    3028.0   1.00
B[13, 5]  -1.053  2.025  -5.035    2.573      0.029    0.034    5180.0    2803.0   1.00
B[13, 6]  -1.284  1.925  -4.908    2.275      0.026    0.029    5651.0    3153.0   1.00
B[13, 7]  -0.448  2.206  -4.578    3.565      0.030    0.036    5589.0    3137.0   1.00
B[13, 8]  -1.011  2.047  -4.967    2.543      0.028    0.033    5516.0    2770.0   1.00
B[13, 9]  -0.360  2.222  -4.368    3.880      0.029    0.037    6114.0    2894.0   1.00
B[13, 10] -1.379  1.936  -5.044    2.062      0.028    0.032    5027.0    2718.0   1.00
B[13, 11] -0.694  2.127  -4.511    3.294      0.029    0.038    5585.0    2706.0   1.00
B[13, 12] -0.812  2.083  -4.910    2.750      0.031    0.035    4700.0    2897.0   1.00